INFO: 2023-05-31 00:53:04,221: Data
INFO: 2023-05-31 00:53:11,765: Data shape (110527, 14)
INFO: 2023-05-31 00:53:16,418: Percentage of women: 0.653882342398853
INFO: 2023-05-31 00:53:17,719: Percentage of men: 0.346117657601147
ERROR: 2023-05-31 00:53:57,864: Data shape is incorrect!
